%YAML:1.0
---
camera_type: D435
calibration_time: "0207012230"
image_width: 640
image_height: 480
board_width: 9
board_height: 6
cell_size: 22.
camera_matrix: !!opencv-matrix
   rows: 3
   cols: 3
   dt: d
   data: [ 3.8697671815711681e+02, 0., 3.2155518320853201e+02, 0.,
       3.8804161678892359e+02, 2.3748825206370142e+02, 0., 0., 1. ]
tvecs:
   - !!opencv-matrix
      rows: 3
      cols: 1
      dt: d
      data: [ -8.1028004363554786e+01, -3.4594596731708180e+01,
          1.6586427636593865e+02 ]
   - !!opencv-matrix
      rows: 3
      cols: 1
      dt: d
      data: [ -6.2289042096843616e+01, -3.4111799187667970e+01,
          1.8017040494716429e+02 ]
   - !!opencv-matrix
      rows: 3
      cols: 1
      dt: d
      data: [ -5.3084436640884462e+01, -4.7293278504221867e+01,
          1.3576869128650310e+02 ]
   - !!opencv-matrix
      rows: 3
      cols: 1
      dt: d
      data: [ -8.9373363565458277e+01, -3.1006232107012835e+01,
          1.8878626917901067e+02 ]
   - !!opencv-matrix
      rows: 3
      cols: 1
      dt: d
      data: [ -8.8663764062935556e+01, -3.2357273641095283e+01,
          1.6702147025290165e+02 ]
   - !!opencv-matrix
      rows: 3
      cols: 1
      dt: d
      data: [ -2.8491847267335981e+01, -6.1903946741506019e+01,
          1.7969513539011771e+02 ]
   - !!opencv-matrix
      rows: 3
      cols: 1
      dt: d
      data: [ -6.6473305728687805e+01, -3.5160471733666341e+01,
          1.6731811372722436e+02 ]
   - !!opencv-matrix
      rows: 3
      cols: 1
      dt: d
      data: [ -8.9812588672809710e+01, -3.3439473300139248e+01,
          1.8449514133741809e+02 ]
   - !!opencv-matrix
      rows: 3
      cols: 1
      dt: d
      data: [ -8.5664644756120836e+01, -3.3039723856566290e+01,
          1.3509414448338089e+02 ]
   - !!opencv-matrix
      rows: 3
      cols: 1
      dt: d
      data: [ -7.6651404023703620e+01, -3.0937768755910945e+01,
          1.4217675404128329e+02 ]
   - !!opencv-matrix
      rows: 3
      cols: 1
      dt: d
      data: [ -8.6231356457314689e+01, -6.6105789269294164e+01,
          1.7934448279171806e+02 ]
   - !!opencv-matrix
      rows: 3
      cols: 1
      dt: d
      data: [ -6.1585418238153373e+01, -8.2577550331777800e+01,
          1.8068455671957818e+02 ]
   - !!opencv-matrix
      rows: 3
      cols: 1
      dt: d
      data: [ -1.0906876739738156e+02, -3.1081725054454616e+01,
          2.5133705811999442e+02 ]
rvecs:
   - !!opencv-matrix
      rows: 3
      cols: 1
      dt: d
      data: [ -1.0441262999480725e-03, -1.4504560861138693e-01,
          4.2639140367320850e-03 ]
   - !!opencv-matrix
      rows: 3
      cols: 1
      dt: d
      data: [ -1.8483136022338552e-02, -9.4134371030687430e-03,
          -3.5215726589360504e-03 ]
   - !!opencv-matrix
      rows: 3
      cols: 1
      dt: d
      data: [ 4.3929690614816351e-02, -4.8744817559157583e-01,
          -1.3420437755296241e-01 ]
   - !!opencv-matrix
      rows: 3
      cols: 1
      dt: d
      data: [ 1.2180830302356367e-01, 2.0371795102069265e-01,
          -2.5040077304698097e-02 ]
   - !!opencv-matrix
      rows: 3
      cols: 1
      dt: d
      data: [ 4.1681551016336443e-01, -1.6811790401999654e-01,
          -1.9945363782787867e-01 ]
   - !!opencv-matrix
      rows: 3
      cols: 1
      dt: d
      data: [ 2.6623656036385179e-01, -5.0154374981140344e-02,
          1.8074294600109031e-01 ]
   - !!opencv-matrix
      rows: 3
      cols: 1
      dt: d
      data: [ -1.1501872534965681e-01, -2.2381488164123228e-01,
          -5.9329641297416599e-03 ]
   - !!opencv-matrix
      rows: 3
      cols: 1
      dt: d
      data: [ 2.2612439246995714e-02, 2.6978659621163842e-01,
          -1.8241753738282421e-02 ]
   - !!opencv-matrix
      rows: 3
      cols: 1
      dt: d
      data: [ 1.4252271953130641e-01, -4.9584449803316707e-02,
          3.0527719763175048e-03 ]
   - !!opencv-matrix
      rows: 3
      cols: 1
      dt: d
      data: [ 4.7543112474125410e-01, -1.2958111092430510e-01,
          -2.4995739706739606e-01 ]
   - !!opencv-matrix
      rows: 3
      cols: 1
      dt: d
      data: [ 2.9420171657234084e-01, -8.3413376413465443e-03,
          2.0810368701227286e-01 ]
   - !!opencv-matrix
      rows: 3
      cols: 1
      dt: d
      data: [ 1.9008786496226190e-01, -8.1618235141905374e-02,
          2.7816538122737255e-01 ]
   - !!opencv-matrix
      rows: 3
      cols: 1
      dt: d
      data: [ -1.0089890434346870e-01, 3.2809930738874787e-01,
          -1.0458899833892833e-03 ]
distortion_error: !!opencv-matrix
   rows: 5
   cols: 1
   dt: d
   data: [ -3.4840591991034662e-03, 2.0545115722203095e-02,
       -7.9515036791692317e-04, 5.4281304788493404e-04,
       -2.4933257015135699e-02 ]
avg_reprojection_error: 2.2994579704566523e-01
per_view_reprojection_errors: !!opencv-matrix
   rows: 13
   cols: 1
   dt: f
   data: [ 1.93126261e-01, 1.59386232e-01, 2.57923961e-01,
       1.97337314e-01, 2.41726607e-01, 2.55441844e-01, 1.71243027e-01,
       1.74609467e-01, 2.03563735e-01, 3.51489425e-01, 2.93109953e-01,
       2.47690529e-01, 1.53184250e-01 ]
