%YAML:1.0
---
camera_type: D435
calibration_time: "0207012704"
image_width: 640
image_height: 480
board_width: 9
board_height: 6
cell_size: 22.
camera_matrix: !!opencv-matrix
   rows: 3
   cols: 3
   dt: d
   data: [ 3.8884215304040060e+02, 0., 3.2104540424694778e+02, 0.,
       3.8984999258387336e+02, 2.3895217632947615e+02, 0., 0., 1. ]
tvecs:
   - !!opencv-matrix
      rows: 3
      cols: 1
      dt: d
      data: [ -9.5305664946200949e+01, -3.3659527413231103e+01,
          1.7429102697758228e+02 ]
   - !!opencv-matrix
      rows: 3
      cols: 1
      dt: d
      data: [ -9.5631458115628561e+01, -3.5594960003841095e+01,
          1.3278225731604539e+02 ]
   - !!opencv-matrix
      rows: 3
      cols: 1
      dt: d
      data: [ -1.0143483744453589e+02, -3.3162021591147528e+01,
          2.1411891996670838e+02 ]
   - !!opencv-matrix
      rows: 3
      cols: 1
      dt: d
      data: [ -8.1188826864322763e+01, -2.4188924216218290e+01,
          1.3626773203933229e+02 ]
   - !!opencv-matrix
      rows: 3
      cols: 1
      dt: d
      data: [ -9.4446278801626406e+01, -2.9293196584944639e+01,
          1.9184847874396905e+02 ]
   - !!opencv-matrix
      rows: 3
      cols: 1
      dt: d
      data: [ -4.7639665520374827e+01, -9.5527663872529232e+01,
          2.0071735877091174e+02 ]
   - !!opencv-matrix
      rows: 3
      cols: 1
      dt: d
      data: [ -9.8859516817613326e+01, -5.1980744171149333e+01,
          1.6351135322751733e+02 ]
   - !!opencv-matrix
      rows: 3
      cols: 1
      dt: d
      data: [ -1.0262065040963842e+02, -3.2851571635618747e+01,
          2.1088062247626902e+02 ]
   - !!opencv-matrix
      rows: 3
      cols: 1
      dt: d
      data: [ -7.5826291322753946e+01, -4.2340756572963514e+01,
          1.2714599446606086e+02 ]
   - !!opencv-matrix
      rows: 3
      cols: 1
      dt: d
      data: [ -1.0047275959052118e+02, -3.4758188218200317e+01,
          1.4826412278331216e+02 ]
   - !!opencv-matrix
      rows: 3
      cols: 1
      dt: d
      data: [ -9.6511189619519143e+01, -4.0285292523886909e+01,
          1.4533516273263672e+02 ]
   - !!opencv-matrix
      rows: 3
      cols: 1
      dt: d
      data: [ -9.6351920065155298e+01, -4.0200003521443627e+01,
          1.4519949859015807e+02 ]
   - !!opencv-matrix
      rows: 3
      cols: 1
      dt: d
      data: [ -9.6421637317047271e+01, -4.0258132917051988e+01,
          1.4536267066453871e+02 ]
   - !!opencv-matrix
      rows: 3
      cols: 1
      dt: d
      data: [ -9.6393792765193638e+01, -4.0231510606327490e+01,
          1.4532818818328059e+02 ]
   - !!opencv-matrix
      rows: 3
      cols: 1
      dt: d
      data: [ -9.6302099813379328e+01, -4.0181312918761911e+01,
          1.4522913698536561e+02 ]
   - !!opencv-matrix
      rows: 3
      cols: 1
      dt: d
      data: [ -9.6226820355623090e+01, -4.0145514659779614e+01,
          1.4520515863202340e+02 ]
   - !!opencv-matrix
      rows: 3
      cols: 1
      dt: d
      data: [ -9.6211001648610832e+01, -4.0138078876432942e+01,
          1.4519511319051068e+02 ]
   - !!opencv-matrix
      rows: 3
      cols: 1
      dt: d
      data: [ -9.6144181716264939e+01, -4.0096420971695657e+01,
          1.4511340562441234e+02 ]
   - !!opencv-matrix
      rows: 3
      cols: 1
      dt: d
      data: [ -9.6044349639659870e+01, -4.0043369674567600e+01,
          1.4503185091997290e+02 ]
   - !!opencv-matrix
      rows: 3
      cols: 1
      dt: d
      data: [ -9.5955525522692966e+01, -3.9982327871890746e+01,
          1.4489035195975558e+02 ]
   - !!opencv-matrix
      rows: 3
      cols: 1
      dt: d
      data: [ -1.0309778333202334e+02, -4.4077491561293328e+01,
          1.5360664829177728e+02 ]
rvecs:
   - !!opencv-matrix
      rows: 3
      cols: 1
      dt: d
      data: [ 7.8509146375965233e-02, 1.6325843720064334e-01,
          -1.8746217536903011e-02 ]
   - !!opencv-matrix
      rows: 3
      cols: 1
      dt: d
      data: [ 7.0861625494823721e-02, -3.3723955135986372e-01,
          2.3038557065363872e-02 ]
   - !!opencv-matrix
      rows: 3
      cols: 1
      dt: d
      data: [ -2.7989514495907917e-03, 7.7366415540428618e-03,
          -5.0148875823165734e-03 ]
   - !!opencv-matrix
      rows: 3
      cols: 1
      dt: d
      data: [ 3.4035919111711693e-01, -5.8416091728509235e-02,
          5.4339678418365064e-03 ]
   - !!opencv-matrix
      rows: 3
      cols: 1
      dt: d
      data: [ -3.8751796793621124e-01, -4.9125608641446959e-02,
          -1.3534518449351525e-02 ]
   - !!opencv-matrix
      rows: 3
      cols: 1
      dt: d
      data: [ 5.2364921164882838e-02, 2.0141164581089051e-02,
          2.9923546543967283e-01 ]
   - !!opencv-matrix
      rows: 3
      cols: 1
      dt: d
      data: [ 5.9313104926717923e-02, -1.2759877788391580e-01,
          -2.6857054490731530e-01 ]
   - !!opencv-matrix
      rows: 3
      cols: 1
      dt: d
      data: [ 2.9569554071377305e-02, 4.2933097767257317e-01,
          -2.9388030412428056e-02 ]
   - !!opencv-matrix
      rows: 3
      cols: 1
      dt: d
      data: [ 2.1434445829323287e-03, -5.0119303097721890e-01,
          -5.3103861330164231e-02 ]
   - !!opencv-matrix
      rows: 3
      cols: 1
      dt: d
      data: [ 7.9915712200613068e-02, -2.9480350698089585e-02,
          -2.3749744374612762e-03 ]
   - !!opencv-matrix
      rows: 3
      cols: 1
      dt: d
      data: [ 1.8474158364794405e-01, -5.1885588644266407e-02,
          -1.2414711831666379e-01 ]
   - !!opencv-matrix
      rows: 3
      cols: 1
      dt: d
      data: [ 1.8540834363541719e-01, -5.1657406917089296e-02,
          -1.2322237782645731e-01 ]
   - !!opencv-matrix
      rows: 3
      cols: 1
      dt: d
      data: [ 1.8451842711914351e-01, -5.1398288012506108e-02,
          -1.2356761277323966e-01 ]
   - !!opencv-matrix
      rows: 3
      cols: 1
      dt: d
      data: [ 1.8483144642535013e-01, -5.1425826207774875e-02,
          -1.2344957569414949e-01 ]
   - !!opencv-matrix
      rows: 3
      cols: 1
      dt: d
      data: [ 1.8557024418344556e-01, -5.1604362523024874e-02,
          -1.2290195584553534e-01 ]
   - !!opencv-matrix
      rows: 3
      cols: 1
      dt: d
      data: [ 1.8546818332181592e-01, -5.1770580763946181e-02,
          -1.2255861667959637e-01 ]
   - !!opencv-matrix
      rows: 3
      cols: 1
      dt: d
      data: [ 1.8573699432224494e-01, -5.1924650873908532e-02,
          -1.2246270653505047e-01 ]
   - !!opencv-matrix
      rows: 3
      cols: 1
      dt: d
      data: [ 1.8637856287449561e-01, -5.2020721627423529e-02,
          -1.2207759365993918e-01 ]
   - !!opencv-matrix
      rows: 3
      cols: 1
      dt: d
      data: [ 1.8679820401431971e-01, -5.1732380573601591e-02,
          -1.2149015711323879e-01 ]
   - !!opencv-matrix
      rows: 3
      cols: 1
      dt: d
      data: [ 1.8773619263524252e-01, -5.2298176903296051e-02,
          -1.2100111170509284e-01 ]
   - !!opencv-matrix
      rows: 3
      cols: 1
      dt: d
      data: [ 1.3377759574765968e-01, -5.4151175465203386e-02,
          -1.6070755607294077e-01 ]
distortion_error: !!opencv-matrix
   rows: 5
   cols: 1
   dt: d
   data: [ 7.4373767068978943e-03, -1.2117282446770967e-02,
       -6.8111164933349429e-04, -8.9820189064166963e-04,
       3.3324268871734201e-03 ]
avg_reprojection_error: 2.2889702961571745e-01
per_view_reprojection_errors: !!opencv-matrix
   rows: 21
   cols: 1
   dt: f
   data: [ 1.70061022e-01, 2.38853231e-01, 1.11380659e-01,
       2.76969492e-01, 2.30855525e-01, 2.38548219e-01, 1.74667448e-01,
       2.28596970e-01, 2.52665550e-01, 1.86176211e-01, 2.39667892e-01,
       2.43338019e-01, 2.41381630e-01, 2.48702317e-01, 2.45566085e-01,
       2.47904956e-01, 2.43434563e-01, 2.36139148e-01, 2.40496218e-01,
       2.34977484e-01, 2.17045367e-01 ]
